p wcnf 48 2176 49
1 -1 0
1 -2 0
1 -3 0
1 -4 0
1 -5 0
1 -6 0
1 -7 0
1 -8 0
1 -9 0
1 -10 0
1 -11 0
1 -12 0
1 -13 0
1 -14 0
1 -15 0
1 -16 0
1 -17 0
1 -18 0
1 -19 0
1 -20 0
1 -21 0
1 -22 0
1 -23 0
1 -24 0
1 -25 0
1 -26 0
1 -27 0
1 -28 0
1 -29 0
1 -30 0
1 -31 0
1 -32 0
1 -33 0
1 -34 0
1 -35 0
1 -36 0
1 -37 0
1 -38 0
1 -39 0
1 -40 0
1 -41 0
1 -42 0
1 -43 0
1 -44 0
1 -45 0
1 -46 0
1 -47 0
1 -48 0
49 -1 0
49 -2 0
49 -3 0
49 -4 0
49 -5 0
49 -6 0
49 -7 0
49 -8 0
49 -41 0
49 -42 0
49 -43 0
49 -44 0
49 -45 0
49 -46 0
49 -47 0
49 -48 0
49 -9 0
49 -17 0
49 -25 0
49 -33 0
49 -16 0
49 -24 0
49 -32 0
49 -40 0
49 -10 0
49 -11 -2 -3 4 10 12 18 19 20 0
49 -11 -2 3 -4 10 12 18 19 20 0
49 -11 2 -3 -4 10 12 18 19 20 0
49 -11 -2 3 4 -10 12 18 19 20 0
49 -11 2 -3 4 -10 12 18 19 20 0
49 -11 2 3 -4 -10 12 18 19 20 0
49 -11 -2 3 4 10 -12 18 19 20 0
49 -11 2 -3 4 10 -12 18 19 20 0
49 -11 2 3 -4 10 -12 18 19 20 0
49 -11 2 3 4 -10 -12 18 19 20 0
49 -11 -2 3 4 10 12 -18 19 20 0
49 -11 2 -3 4 10 12 -18 19 20 0
49 -11 2 3 -4 10 12 -18 19 20 0
49 -11 2 3 4 -10 12 -18 19 20 0
49 -11 2 3 4 10 -12 -18 19 20 0
49 -11 -2 3 4 10 12 18 -19 20 0
49 -11 2 -3 4 10 12 18 -19 20 0
49 -11 2 3 -4 10 12 18 -19 20 0
49 -11 2 3 4 -10 12 18 -19 20 0
49 -11 2 3 4 10 -12 18 -19 20 0
49 -11 2 3 4 10 12 -18 -19 20 0
49 -11 -2 3 4 10 12 18 19 -20 0
49 -11 2 -3 4 10 12 18 19 -20 0
49 -11 2 3 -4 10 12 18 19 -20 0
49 -11 2 3 4 -10 12 18 19 -20 0
49 -11 2 3 4 10 -12 18 19 -20 0
49 -11 2 3 4 10 12 -18 19 -20 0
49 -11 2 3 4 10 12 18 -19 -20 0
49 -2 -3 -4 10 12 18 19 20 0
49 -2 -3 4 -10 12 18 19 20 0
49 -2 3 -4 -10 12 18 19 20 0
49 2 -3 -4 -10 12 18 19 20 0
49 -2 -3 4 10 -12 18 19 20 0
49 -2 3 -4 10 -12 18 19 20 0
49 2 -3 -4 10 -12 18 19 20 0
49 -2 3 4 -10 -12 18 19 20 0
49 2 -3 4 -10 -12 18 19 20 0
49 2 3 -4 -10 -12 18 19 20 0
49 -2 -3 4 10 12 -18 19 20 0
49 -2 3 -4 10 12 -18 19 20 0
49 2 -3 -4 10 12 -18 19 20 0
49 -2 3 4 -10 12 -18 19 20 0
49 2 -3 4 -10 12 -18 19 20 0
49 2 3 -4 -10 12 -18 19 20 0
49 -2 3 4 10 -12 -18 19 20 0
49 2 -3 4 10 -12 -18 19 20 0
49 2 3 -4 10 -12 -18 19 20 0
49 2 3 4 -10 -12 -18 19 20 0
49 -2 -3 4 10 12 18 -19 20 0
49 -2 3 -4 10 12 18 -19 20 0
49 2 -3 -4 10 12 18 -19 20 0
49 -2 3 4 -10 12 18 -19 20 0
49 2 -3 4 -10 12 18 -19 20 0
49 2 3 -4 -10 12 18 -19 20 0
49 -2 3 4 10 -12 18 -19 20 0
49 2 -3 4 10 -12 18 -19 20 0
49 2 3 -4 10 -12 18 -19 20 0
49 2 3 4 -10 -12 18 -19 20 0
49 -2 3 4 10 12 -18 -19 20 0
49 2 -3 4 10 12 -18 -19 20 0
49 2 3 -4 10 12 -18 -19 20 0
49 2 3 4 -10 12 -18 -19 20 0
49 2 3 4 10 -12 -18 -19 20 0
49 -2 -3 4 10 12 18 19 -20 0
49 -2 3 -4 10 12 18 19 -20 0
49 2 -3 -4 10 12 18 19 -20 0
49 -2 3 4 -10 12 18 19 -20 0
49 2 -3 4 -10 12 18 19 -20 0
49 2 3 -4 -10 12 18 19 -20 0
49 -2 3 4 10 -12 18 19 -20 0
49 2 -3 4 10 -12 18 19 -20 0
49 2 3 -4 10 -12 18 19 -20 0
49 2 3 4 -10 -12 18 19 -20 0
49 -2 3 4 10 12 -18 19 -20 0
49 2 -3 4 10 12 -18 19 -20 0
49 2 3 -4 10 12 -18 19 -20 0
49 2 3 4 -10 12 -18 19 -20 0
49 2 3 4 10 -12 -18 19 -20 0
49 -2 3 4 10 12 18 -19 -20 0
49 2 -3 4 10 12 18 -19 -20 0
49 2 3 -4 10 12 18 -19 -20 0
49 2 3 4 -10 12 18 -19 -20 0
49 2 3 4 10 -12 18 -19 -20 0
49 2 3 4 10 12 -18 -19 -20 0
49 -12 -3 -4 5 11 13 19 20 21 0
49 -12 -3 4 -5 11 13 19 20 21 0
49 -12 3 -4 -5 11 13 19 20 21 0
49 -12 -3 4 5 -11 13 19 20 21 0
49 -12 3 -4 5 -11 13 19 20 21 0
49 -12 3 4 -5 -11 13 19 20 21 0
49 -12 -3 4 5 11 -13 19 20 21 0
49 -12 3 -4 5 11 -13 19 20 21 0
49 -12 3 4 -5 11 -13 19 20 21 0
49 -12 3 4 5 -11 -13 19 20 21 0
49 -12 -3 4 5 11 13 -19 20 21 0
49 -12 3 -4 5 11 13 -19 20 21 0
49 -12 3 4 -5 11 13 -19 20 21 0
49 -12 3 4 5 -11 13 -19 20 21 0
49 -12 3 4 5 11 -13 -19 20 21 0
49 -12 -3 4 5 11 13 19 -20 21 0
49 -12 3 -4 5 11 13 19 -20 21 0
49 -12 3 4 -5 11 13 19 -20 21 0
49 -12 3 4 5 -11 13 19 -20 21 0
49 -12 3 4 5 11 -13 19 -20 21 0
49 -12 3 4 5 11 13 -19 -20 21 0
49 -12 -3 4 5 11 13 19 20 -21 0
49 -12 3 -4 5 11 13 19 20 -21 0
49 -12 3 4 -5 11 13 19 20 -21 0
49 -12 3 4 5 -11 13 19 20 -21 0
49 -12 3 4 5 11 -13 19 20 -21 0
49 -12 3 4 5 11 13 -19 20 -21 0
49 -12 3 4 5 11 13 19 -20 -21 0
49 -3 -4 -5 11 13 19 20 21 0
49 -3 -4 5 -11 13 19 20 21 0
49 -3 4 -5 -11 13 19 20 21 0
49 3 -4 -5 -11 13 19 20 21 0
49 -3 -4 5 11 -13 19 20 21 0
49 -3 4 -5 11 -13 19 20 21 0
49 3 -4 -5 11 -13 19 20 21 0
49 -3 4 5 -11 -13 19 20 21 0
49 3 -4 5 -11 -13 19 20 21 0
49 3 4 -5 -11 -13 19 20 21 0
49 -3 -4 5 11 13 -19 20 21 0
49 -3 4 -5 11 13 -19 20 21 0
49 3 -4 -5 11 13 -19 20 21 0
49 -3 4 5 -11 13 -19 20 21 0
49 3 -4 5 -11 13 -19 20 21 0
49 3 4 -5 -11 13 -19 20 21 0
49 -3 4 5 11 -13 -19 20 21 0
49 3 -4 5 11 -13 -19 20 21 0
49 3 4 -5 11 -13 -19 20 21 0
49 3 4 5 -11 -13 -19 20 21 0
49 -3 -4 5 11 13 19 -20 21 0
49 -3 4 -5 11 13 19 -20 21 0
49 3 -4 -5 11 13 19 -20 21 0
49 -3 4 5 -11 13 19 -20 21 0
49 3 -4 5 -11 13 19 -20 21 0
49 3 4 -5 -11 13 19 -20 21 0
49 -3 4 5 11 -13 19 -20 21 0
49 3 -4 5 11 -13 19 -20 21 0
49 3 4 -5 11 -13 19 -20 21 0
49 3 4 5 -11 -13 19 -20 21 0
49 -3 4 5 11 13 -19 -20 21 0
49 3 -4 5 11 13 -19 -20 21 0
49 3 4 -5 11 13 -19 -20 21 0
49 3 4 5 -11 13 -19 -20 21 0
49 3 4 5 11 -13 -19 -20 21 0
49 -3 -4 5 11 13 19 20 -21 0
49 -3 4 -5 11 13 19 20 -21 0
49 3 -4 -5 11 13 19 20 -21 0
49 -3 4 5 -11 13 19 20 -21 0
49 3 -4 5 -11 13 19 20 -21 0
49 3 4 -5 -11 13 19 20 -21 0
49 -3 4 5 11 -13 19 20 -21 0
49 3 -4 5 11 -13 19 20 -21 0
49 3 4 -5 11 -13 19 20 -21 0
49 3 4 5 -11 -13 19 20 -21 0
49 -3 4 5 11 13 -19 20 -21 0
49 3 -4 5 11 13 -19 20 -21 0
49 3 4 -5 11 13 -19 20 -21 0
49 3 4 5 -11 13 -19 20 -21 0
49 3 4 5 11 -13 -19 20 -21 0
49 -3 4 5 11 13 19 -20 -21 0
49 3 -4 5 11 13 19 -20 -21 0
49 3 4 -5 11 13 19 -20 -21 0
49 3 4 5 -11 13 19 -20 -21 0
49 3 4 5 11 -13 19 -20 -21 0
49 3 4 5 11 13 -19 -20 -21 0
49 -13 -4 -5 6 12 14 20 21 22 0
49 -13 -4 5 -6 12 14 20 21 22 0
49 -13 4 -5 -6 12 14 20 21 22 0
49 -13 -4 5 6 -12 14 20 21 22 0
49 -13 4 -5 6 -12 14 20 21 22 0
49 -13 4 5 -6 -12 14 20 21 22 0
49 -13 -4 5 6 12 -14 20 21 22 0
49 -13 4 -5 6 12 -14 20 21 22 0
49 -13 4 5 -6 12 -14 20 21 22 0
49 -13 4 5 6 -12 -14 20 21 22 0
49 -13 -4 5 6 12 14 -20 21 22 0
49 -13 4 -5 6 12 14 -20 21 22 0
49 -13 4 5 -6 12 14 -20 21 22 0
49 -13 4 5 6 -12 14 -20 21 22 0
49 -13 4 5 6 12 -14 -20 21 22 0
49 -13 -4 5 6 12 14 20 -21 22 0
49 -13 4 -5 6 12 14 20 -21 22 0
49 -13 4 5 -6 12 14 20 -21 22 0
49 -13 4 5 6 -12 14 20 -21 22 0
49 -13 4 5 6 12 -14 20 -21 22 0
49 -13 4 5 6 12 14 -20 -21 22 0
49 -13 -4 5 6 12 14 20 21 -22 0
49 -13 4 -5 6 12 14 20 21 -22 0
49 -13 4 5 -6 12 14 20 21 -22 0
49 -13 4 5 6 -12 14 20 21 -22 0
49 -13 4 5 6 12 -14 20 21 -22 0
49 -13 4 5 6 12 14 -20 21 -22 0
49 -13 4 5 6 12 14 20 -21 -22 0
49 -4 -5 -6 12 14 20 21 22 0
49 -4 -5 6 -12 14 20 21 22 0
49 -4 5 -6 -12 14 20 21 22 0
49 4 -5 -6 -12 14 20 21 22 0
49 -4 -5 6 12 -14 20 21 22 0
49 -4 5 -6 12 -14 20 21 22 0
49 4 -5 -6 12 -14 20 21 22 0
49 -4 5 6 -12 -14 20 21 22 0
49 4 -5 6 -12 -14 20 21 22 0
49 4 5 -6 -12 -14 20 21 22 0
49 -4 -5 6 12 14 -20 21 22 0
49 -4 5 -6 12 14 -20 21 22 0
49 4 -5 -6 12 14 -20 21 22 0
49 -4 5 6 -12 14 -20 21 22 0
49 4 -5 6 -12 14 -20 21 22 0
49 4 5 -6 -12 14 -20 21 22 0
49 -4 5 6 12 -14 -20 21 22 0
49 4 -5 6 12 -14 -20 21 22 0
49 4 5 -6 12 -14 -20 21 22 0
49 4 5 6 -12 -14 -20 21 22 0
49 -4 -5 6 12 14 20 -21 22 0
49 -4 5 -6 12 14 20 -21 22 0
49 4 -5 -6 12 14 20 -21 22 0
49 -4 5 6 -12 14 20 -21 22 0
49 4 -5 6 -12 14 20 -21 22 0
49 4 5 -6 -12 14 20 -21 22 0
49 -4 5 6 12 -14 20 -21 22 0
49 4 -5 6 12 -14 20 -21 22 0
49 4 5 -6 12 -14 20 -21 22 0
49 4 5 6 -12 -14 20 -21 22 0
49 -4 5 6 12 14 -20 -21 22 0
49 4 -5 6 12 14 -20 -21 22 0
49 4 5 -6 12 14 -20 -21 22 0
49 4 5 6 -12 14 -20 -21 22 0
49 4 5 6 12 -14 -20 -21 22 0
49 -4 -5 6 12 14 20 21 -22 0
49 -4 5 -6 12 14 20 21 -22 0
49 4 -5 -6 12 14 20 21 -22 0
49 -4 5 6 -12 14 20 21 -22 0
49 4 -5 6 -12 14 20 21 -22 0
49 4 5 -6 -12 14 20 21 -22 0
49 -4 5 6 12 -14 20 21 -22 0
49 4 -5 6 12 -14 20 21 -22 0
49 4 5 -6 12 -14 20 21 -22 0
49 4 5 6 -12 -14 20 21 -22 0
49 -4 5 6 12 14 -20 21 -22 0
49 4 -5 6 12 14 -20 21 -22 0
49 4 5 -6 12 14 -20 21 -22 0
49 4 5 6 -12 14 -20 21 -22 0
49 4 5 6 12 -14 -20 21 -22 0
49 -4 5 6 12 14 20 -21 -22 0
49 4 -5 6 12 14 20 -21 -22 0
49 4 5 -6 12 14 20 -21 -22 0
49 4 5 6 -12 14 20 -21 -22 0
49 4 5 6 12 -14 20 -21 -22 0
49 4 5 6 12 14 -20 -21 -22 0
49 -14 -5 -6 7 13 15 21 22 23 0
49 -14 -5 6 -7 13 15 21 22 23 0
49 -14 5 -6 -7 13 15 21 22 23 0
49 -14 -5 6 7 -13 15 21 22 23 0
49 -14 5 -6 7 -13 15 21 22 23 0
49 -14 5 6 -7 -13 15 21 22 23 0
49 -14 -5 6 7 13 -15 21 22 23 0
49 -14 5 -6 7 13 -15 21 22 23 0
49 -14 5 6 -7 13 -15 21 22 23 0
49 -14 5 6 7 -13 -15 21 22 23 0
49 -14 -5 6 7 13 15 -21 22 23 0
49 -14 5 -6 7 13 15 -21 22 23 0
49 -14 5 6 -7 13 15 -21 22 23 0
49 -14 5 6 7 -13 15 -21 22 23 0
49 -14 5 6 7 13 -15 -21 22 23 0
49 -14 -5 6 7 13 15 21 -22 23 0
49 -14 5 -6 7 13 15 21 -22 23 0
49 -14 5 6 -7 13 15 21 -22 23 0
49 -14 5 6 7 -13 15 21 -22 23 0
49 -14 5 6 7 13 -15 21 -22 23 0
49 -14 5 6 7 13 15 -21 -22 23 0
49 -14 -5 6 7 13 15 21 22 -23 0
49 -14 5 -6 7 13 15 21 22 -23 0
49 -14 5 6 -7 13 15 21 22 -23 0
49 -14 5 6 7 -13 15 21 22 -23 0
49 -14 5 6 7 13 -15 21 22 -23 0
49 -14 5 6 7 13 15 -21 22 -23 0
49 -14 5 6 7 13 15 21 -22 -23 0
49 -5 -6 -7 13 15 21 22 23 0
49 -5 -6 7 -13 15 21 22 23 0
49 -5 6 -7 -13 15 21 22 23 0
49 5 -6 -7 -13 15 21 22 23 0
49 -5 -6 7 13 -15 21 22 23 0
49 -5 6 -7 13 -15 21 22 23 0
49 5 -6 -7 13 -15 21 22 23 0
49 -5 6 7 -13 -15 21 22 23 0
49 5 -6 7 -13 -15 21 22 23 0
49 5 6 -7 -13 -15 21 22 23 0
49 -5 -6 7 13 15 -21 22 23 0
49 -5 6 -7 13 15 -21 22 23 0
49 5 -6 -7 13 15 -21 22 23 0
49 -5 6 7 -13 15 -21 22 23 0
49 5 -6 7 -13 15 -21 22 23 0
49 5 6 -7 -13 15 -21 22 23 0
49 -5 6 7 13 -15 -21 22 23 0
49 5 -6 7 13 -15 -21 22 23 0
49 5 6 -7 13 -15 -21 22 23 0
49 5 6 7 -13 -15 -21 22 23 0
49 -5 -6 7 13 15 21 -22 23 0
49 -5 6 -7 13 15 21 -22 23 0
49 5 -6 -7 13 15 21 -22 23 0
49 -5 6 7 -13 15 21 -22 23 0
49 5 -6 7 -13 15 21 -22 23 0
49 5 6 -7 -13 15 21 -22 23 0
49 -5 6 7 13 -15 21 -22 23 0
49 5 -6 7 13 -15 21 -22 23 0
49 5 6 -7 13 -15 21 -22 23 0
49 5 6 7 -13 -15 21 -22 23 0
49 -5 6 7 13 15 -21 -22 23 0
49 5 -6 7 13 15 -21 -22 23 0
49 5 6 -7 13 15 -21 -22 23 0
49 5 6 7 -13 15 -21 -22 23 0
49 5 6 7 13 -15 -21 -22 23 0
49 -5 -6 7 13 15 21 22 -23 0
49 -5 6 -7 13 15 21 22 -23 0
49 5 -6 -7 13 15 21 22 -23 0
49 -5 6 7 -13 15 21 22 -23 0
49 5 -6 7 -13 15 21 22 -23 0
49 5 6 -7 -13 15 21 22 -23 0
49 -5 6 7 13 -15 21 22 -23 0
49 5 -6 7 13 -15 21 22 -23 0
49 5 6 -7 13 -15 21 22 -23 0
49 5 6 7 -13 -15 21 22 -23 0
49 -5 6 7 13 15 -21 22 -23 0
49 5 -6 7 13 15 -21 22 -23 0
49 5 6 -7 13 15 -21 22 -23 0
49 5 6 7 -13 15 -21 22 -23 0
49 5 6 7 13 -15 -21 22 -23 0
49 -5 6 7 13 15 21 -22 -23 0
49 5 -6 7 13 15 21 -22 -23 0
49 5 6 -7 13 15 21 -22 -23 0
49 5 6 7 -13 15 21 -22 -23 0
49 5 6 7 13 -15 21 -22 -23 0
49 5 6 7 13 15 -21 -22 -23 0
49 -15 0
49 -18 0
49 -19 -10 -11 12 18 20 26 27 28 0
49 -19 -10 11 -12 18 20 26 27 28 0
49 -19 10 -11 -12 18 20 26 27 28 0
49 -19 -10 11 12 -18 20 26 27 28 0
49 -19 10 -11 12 -18 20 26 27 28 0
49 -19 10 11 -12 -18 20 26 27 28 0
49 -19 -10 11 12 18 -20 26 27 28 0
49 -19 10 -11 12 18 -20 26 27 28 0
49 -19 10 11 -12 18 -20 26 27 28 0
49 -19 10 11 12 -18 -20 26 27 28 0
49 -19 -10 11 12 18 20 -26 27 28 0
49 -19 10 -11 12 18 20 -26 27 28 0
49 -19 10 11 -12 18 20 -26 27 28 0
49 -19 10 11 12 -18 20 -26 27 28 0
49 -19 10 11 12 18 -20 -26 27 28 0
49 -19 -10 11 12 18 20 26 -27 28 0
49 -19 10 -11 12 18 20 26 -27 28 0
49 -19 10 11 -12 18 20 26 -27 28 0
49 -19 10 11 12 -18 20 26 -27 28 0
49 -19 10 11 12 18 -20 26 -27 28 0
49 -19 10 11 12 18 20 -26 -27 28 0
49 -19 -10 11 12 18 20 26 27 -28 0
49 -19 10 -11 12 18 20 26 27 -28 0
49 -19 10 11 -12 18 20 26 27 -28 0
49 -19 10 11 12 -18 20 26 27 -28 0
49 -19 10 11 12 18 -20 26 27 -28 0
49 -19 10 11 12 18 20 -26 27 -28 0
49 -19 10 11 12 18 20 26 -27 -28 0
49 -10 -11 -12 18 20 26 27 28 0
49 -10 -11 12 -18 20 26 27 28 0
49 -10 11 -12 -18 20 26 27 28 0
49 10 -11 -12 -18 20 26 27 28 0
49 -10 -11 12 18 -20 26 27 28 0
49 -10 11 -12 18 -20 26 27 28 0
49 10 -11 -12 18 -20 26 27 28 0
49 -10 11 12 -18 -20 26 27 28 0
49 10 -11 12 -18 -20 26 27 28 0
49 10 11 -12 -18 -20 26 27 28 0
49 -10 -11 12 18 20 -26 27 28 0
49 -10 11 -12 18 20 -26 27 28 0
49 10 -11 -12 18 20 -26 27 28 0
49 -10 11 12 -18 20 -26 27 28 0
49 10 -11 12 -18 20 -26 27 28 0
49 10 11 -12 -18 20 -26 27 28 0
49 -10 11 12 18 -20 -26 27 28 0
49 10 -11 12 18 -20 -26 27 28 0
49 10 11 -12 18 -20 -26 27 28 0
49 10 11 12 -18 -20 -26 27 28 0
49 -10 -11 12 18 20 26 -27 28 0
49 -10 11 -12 18 20 26 -27 28 0
49 10 -11 -12 18 20 26 -27 28 0
49 -10 11 12 -18 20 26 -27 28 0
49 10 -11 12 -18 20 26 -27 28 0
49 10 11 -12 -18 20 26 -27 28 0
49 -10 11 12 18 -20 26 -27 28 0
49 10 -11 12 18 -20 26 -27 28 0
49 10 11 -12 18 -20 26 -27 28 0
49 10 11 12 -18 -20 26 -27 28 0
49 -10 11 12 18 20 -26 -27 28 0
49 10 -11 12 18 20 -26 -27 28 0
49 10 11 -12 18 20 -26 -27 28 0
49 10 11 12 -18 20 -26 -27 28 0
49 10 11 12 18 -20 -26 -27 28 0
49 -10 -11 12 18 20 26 27 -28 0
49 -10 11 -12 18 20 26 27 -28 0
49 10 -11 -12 18 20 26 27 -28 0
49 -10 11 12 -18 20 26 27 -28 0
49 10 -11 12 -18 20 26 27 -28 0
49 10 11 -12 -18 20 26 27 -28 0
49 -10 11 12 18 -20 26 27 -28 0
49 10 -11 12 18 -20 26 27 -28 0
49 10 11 -12 18 -20 26 27 -28 0
49 10 11 12 -18 -20 26 27 -28 0
49 -10 11 12 18 20 -26 27 -28 0
49 10 -11 12 18 20 -26 27 -28 0
49 10 11 -12 18 20 -26 27 -28 0
49 10 11 12 -18 20 -26 27 -28 0
49 10 11 12 18 -20 -26 27 -28 0
49 -10 11 12 18 20 26 -27 -28 0
49 10 -11 12 18 20 26 -27 -28 0
49 10 11 -12 18 20 26 -27 -28 0
49 10 11 12 -18 20 26 -27 -28 0
49 10 11 12 18 -20 26 -27 -28 0
49 10 11 12 18 20 -26 -27 -28 0
49 11 12 13 19 21 27 28 0
49 11 12 13 19 21 27 29 0
49 11 12 13 19 21 28 29 0
49 11 12 13 19 27 28 29 0
49 11 12 13 21 27 28 29 0
49 11 12 19 21 27 28 29 0
49 11 13 19 21 27 28 29 0
49 12 13 19 21 27 28 29 0
49 20 -11 -12 13 19 21 27 28 29 0
49 20 -11 12 -13 19 21 27 28 29 0
49 20 11 -12 -13 19 21 27 28 29 0
49 20 -11 12 13 -19 21 27 28 29 0
49 20 11 -12 13 -19 21 27 28 29 0
49 20 11 12 -13 -19 21 27 28 29 0
49 20 -11 12 13 19 -21 27 28 29 0
49 20 11 -12 13 19 -21 27 28 29 0
49 20 11 12 -13 19 -21 27 28 29 0
49 20 11 12 13 -19 -21 27 28 29 0
49 20 -11 12 13 19 21 -27 28 29 0
49 20 11 -12 13 19 21 -27 28 29 0
49 20 11 12 -13 19 21 -27 28 29 0
49 20 11 12 13 -19 21 -27 28 29 0
49 20 11 12 13 19 -21 -27 28 29 0
49 20 -11 12 13 19 21 27 -28 29 0
49 20 11 -12 13 19 21 27 -28 29 0
49 20 11 12 -13 19 21 27 -28 29 0
49 20 11 12 13 -19 21 27 -28 29 0
49 20 11 12 13 19 -21 27 -28 29 0
49 20 11 12 13 19 21 -27 -28 29 0
49 20 -11 12 13 19 21 27 28 -29 0
49 20 11 -12 13 19 21 27 28 -29 0
49 20 11 12 -13 19 21 27 28 -29 0
49 20 11 12 13 -19 21 27 28 -29 0
49 20 11 12 13 19 -21 27 28 -29 0
49 20 11 12 13 19 21 -27 28 -29 0
49 20 11 12 13 19 21 27 -28 -29 0
49 -11 -12 -13 -19 0
49 -11 -12 -13 -21 0
49 -11 -12 -19 -21 0
49 -11 -13 -19 -21 0
49 -12 -13 -19 -21 0
49 -11 -12 -13 -27 0
49 -11 -12 -19 -27 0
49 -11 -13 -19 -27 0
49 -12 -13 -19 -27 0
49 -11 -12 -21 -27 0
49 -11 -13 -21 -27 0
49 -12 -13 -21 -27 0
49 -11 -19 -21 -27 0
49 -12 -19 -21 -27 0
49 -13 -19 -21 -27 0
49 -11 -12 -13 -28 0
49 -11 -12 -19 -28 0
49 -11 -13 -19 -28 0
49 -12 -13 -19 -28 0
49 -11 -12 -21 -28 0
49 -11 -13 -21 -28 0
49 -12 -13 -21 -28 0
49 -11 -19 -21 -28 0
49 -12 -19 -21 -28 0
49 -13 -19 -21 -28 0
49 -11 -12 -27 -28 0
49 -11 -13 -27 -28 0
49 -12 -13 -27 -28 0
49 -11 -19 -27 -28 0
49 -12 -19 -27 -28 0
49 -13 -19 -27 -28 0
49 -11 -21 -27 -28 0
49 -12 -21 -27 -28 0
49 -13 -21 -27 -28 0
49 -19 -21 -27 -28 0
49 -11 -12 -13 -29 0
49 -11 -12 -19 -29 0
49 -11 -13 -19 -29 0
49 -12 -13 -19 -29 0
49 -11 -12 -21 -29 0
49 -11 -13 -21 -29 0
49 -12 -13 -21 -29 0
49 -11 -19 -21 -29 0
49 -12 -19 -21 -29 0
49 -13 -19 -21 -29 0
49 -11 -12 -27 -29 0
49 -11 -13 -27 -29 0
49 -12 -13 -27 -29 0
49 -11 -19 -27 -29 0
49 -12 -19 -27 -29 0
49 -13 -19 -27 -29 0
49 -11 -21 -27 -29 0
49 -12 -21 -27 -29 0
49 -13 -21 -27 -29 0
49 -19 -21 -27 -29 0
49 -11 -12 -28 -29 0
49 -11 -13 -28 -29 0
49 -12 -13 -28 -29 0
49 -11 -19 -28 -29 0
49 -12 -19 -28 -29 0
49 -13 -19 -28 -29 0
49 -11 -21 -28 -29 0
49 -12 -21 -28 -29 0
49 -13 -21 -28 -29 0
49 -19 -21 -28 -29 0
49 -11 -27 -28 -29 0
49 -12 -27 -28 -29 0
49 -13 -27 -28 -29 0
49 -19 -27 -28 -29 0
49 -21 -27 -28 -29 0
49 12 13 14 20 22 28 29 0
49 12 13 14 20 22 28 30 0
49 12 13 14 20 22 29 30 0
49 12 13 14 20 28 29 30 0
49 12 13 14 22 28 29 30 0
49 12 13 20 22 28 29 30 0
49 12 14 20 22 28 29 30 0
49 13 14 20 22 28 29 30 0
49 21 -12 -13 14 20 22 28 29 30 0
49 21 -12 13 -14 20 22 28 29 30 0
49 21 12 -13 -14 20 22 28 29 30 0
49 21 -12 13 14 -20 22 28 29 30 0
49 21 12 -13 14 -20 22 28 29 30 0
49 21 12 13 -14 -20 22 28 29 30 0
49 21 -12 13 14 20 -22 28 29 30 0
49 21 12 -13 14 20 -22 28 29 30 0
49 21 12 13 -14 20 -22 28 29 30 0
49 21 12 13 14 -20 -22 28 29 30 0
49 21 -12 13 14 20 22 -28 29 30 0
49 21 12 -13 14 20 22 -28 29 30 0
49 21 12 13 -14 20 22 -28 29 30 0
49 21 12 13 14 -20 22 -28 29 30 0
49 21 12 13 14 20 -22 -28 29 30 0
49 21 -12 13 14 20 22 28 -29 30 0
49 21 12 -13 14 20 22 28 -29 30 0
49 21 12 13 -14 20 22 28 -29 30 0
49 21 12 13 14 -20 22 28 -29 30 0
49 21 12 13 14 20 -22 28 -29 30 0
49 21 12 13 14 20 22 -28 -29 30 0
49 21 -12 13 14 20 22 28 29 -30 0
49 21 12 -13 14 20 22 28 29 -30 0
49 21 12 13 -14 20 22 28 29 -30 0
49 21 12 13 14 -20 22 28 29 -30 0
49 21 12 13 14 20 -22 28 29 -30 0
49 21 12 13 14 20 22 -28 29 -30 0
49 21 12 13 14 20 22 28 -29 -30 0
49 -12 -13 -14 -20 0
49 -12 -13 -14 -22 0
49 -12 -13 -20 -22 0
49 -12 -14 -20 -22 0
49 -13 -14 -20 -22 0
49 -12 -13 -14 -28 0
49 -12 -13 -20 -28 0
49 -12 -14 -20 -28 0
49 -13 -14 -20 -28 0
49 -12 -13 -22 -28 0
49 -12 -14 -22 -28 0
49 -13 -14 -22 -28 0
49 -12 -20 -22 -28 0
49 -13 -20 -22 -28 0
49 -14 -20 -22 -28 0
49 -12 -13 -14 -29 0
49 -12 -13 -20 -29 0
49 -12 -14 -20 -29 0
49 -13 -14 -20 -29 0
49 -12 -13 -22 -29 0
49 -12 -14 -22 -29 0
49 -13 -14 -22 -29 0
49 -12 -20 -22 -29 0
49 -13 -20 -22 -29 0
49 -14 -20 -22 -29 0
49 -12 -13 -28 -29 0
49 -12 -14 -28 -29 0
49 -13 -14 -28 -29 0
49 -12 -20 -28 -29 0
49 -13 -20 -28 -29 0
49 -14 -20 -28 -29 0
49 -12 -22 -28 -29 0
49 -13 -22 -28 -29 0
49 -14 -22 -28 -29 0
49 -20 -22 -28 -29 0
49 -12 -13 -14 -30 0
49 -12 -13 -20 -30 0
49 -12 -14 -20 -30 0
49 -13 -14 -20 -30 0
49 -12 -13 -22 -30 0
49 -12 -14 -22 -30 0
49 -13 -14 -22 -30 0
49 -12 -20 -22 -30 0
49 -13 -20 -22 -30 0
49 -14 -20 -22 -30 0
49 -12 -13 -28 -30 0
49 -12 -14 -28 -30 0
49 -13 -14 -28 -30 0
49 -12 -20 -28 -30 0
49 -13 -20 -28 -30 0
49 -14 -20 -28 -30 0
49 -12 -22 -28 -30 0
49 -13 -22 -28 -30 0
49 -14 -22 -28 -30 0
49 -20 -22 -28 -30 0
49 -12 -13 -29 -30 0
49 -12 -14 -29 -30 0
49 -13 -14 -29 -30 0
49 -12 -20 -29 -30 0
49 -13 -20 -29 -30 0
49 -14 -20 -29 -30 0
49 -12 -22 -29 -30 0
49 -13 -22 -29 -30 0
49 -14 -22 -29 -30 0
49 -20 -22 -29 -30 0
49 -12 -28 -29 -30 0
49 -13 -28 -29 -30 0
49 -14 -28 -29 -30 0
49 -20 -28 -29 -30 0
49 -22 -28 -29 -30 0
49 -22 -13 -14 15 21 23 29 30 31 0
49 -22 -13 14 -15 21 23 29 30 31 0
49 -22 13 -14 -15 21 23 29 30 31 0
49 -22 -13 14 15 -21 23 29 30 31 0
49 -22 13 -14 15 -21 23 29 30 31 0
49 -22 13 14 -15 -21 23 29 30 31 0
49 -22 -13 14 15 21 -23 29 30 31 0
49 -22 13 -14 15 21 -23 29 30 31 0
49 -22 13 14 -15 21 -23 29 30 31 0
49 -22 13 14 15 -21 -23 29 30 31 0
49 -22 -13 14 15 21 23 -29 30 31 0
49 -22 13 -14 15 21 23 -29 30 31 0
49 -22 13 14 -15 21 23 -29 30 31 0
49 -22 13 14 15 -21 23 -29 30 31 0
49 -22 13 14 15 21 -23 -29 30 31 0
49 -22 -13 14 15 21 23 29 -30 31 0
49 -22 13 -14 15 21 23 29 -30 31 0
49 -22 13 14 -15 21 23 29 -30 31 0
49 -22 13 14 15 -21 23 29 -30 31 0
49 -22 13 14 15 21 -23 29 -30 31 0
49 -22 13 14 15 21 23 -29 -30 31 0
49 -22 -13 14 15 21 23 29 30 -31 0
49 -22 13 -14 15 21 23 29 30 -31 0
49 -22 13 14 -15 21 23 29 30 -31 0
49 -22 13 14 15 -21 23 29 30 -31 0
49 -22 13 14 15 21 -23 29 30 -31 0
49 -22 13 14 15 21 23 -29 30 -31 0
49 -22 13 14 15 21 23 29 -30 -31 0
49 -13 -14 -15 21 23 29 30 31 0
49 -13 -14 15 -21 23 29 30 31 0
49 -13 14 -15 -21 23 29 30 31 0
49 13 -14 -15 -21 23 29 30 31 0
49 -13 -14 15 21 -23 29 30 31 0
49 -13 14 -15 21 -23 29 30 31 0
49 13 -14 -15 21 -23 29 30 31 0
49 -13 14 15 -21 -23 29 30 31 0
49 13 -14 15 -21 -23 29 30 31 0
49 13 14 -15 -21 -23 29 30 31 0
49 -13 -14 15 21 23 -29 30 31 0
49 -13 14 -15 21 23 -29 30 31 0
49 13 -14 -15 21 23 -29 30 31 0
49 -13 14 15 -21 23 -29 30 31 0
49 13 -14 15 -21 23 -29 30 31 0
49 13 14 -15 -21 23 -29 30 31 0
49 -13 14 15 21 -23 -29 30 31 0
49 13 -14 15 21 -23 -29 30 31 0
49 13 14 -15 21 -23 -29 30 31 0
49 13 14 15 -21 -23 -29 30 31 0
49 -13 -14 15 21 23 29 -30 31 0
49 -13 14 -15 21 23 29 -30 31 0
49 13 -14 -15 21 23 29 -30 31 0
49 -13 14 15 -21 23 29 -30 31 0
49 13 -14 15 -21 23 29 -30 31 0
49 13 14 -15 -21 23 29 -30 31 0
49 -13 14 15 21 -23 29 -30 31 0
49 13 -14 15 21 -23 29 -30 31 0
49 13 14 -15 21 -23 29 -30 31 0
49 13 14 15 -21 -23 29 -30 31 0
49 -13 14 15 21 23 -29 -30 31 0
49 13 -14 15 21 23 -29 -30 31 0
49 13 14 -15 21 23 -29 -30 31 0
49 13 14 15 -21 23 -29 -30 31 0
49 13 14 15 21 -23 -29 -30 31 0
49 -13 -14 15 21 23 29 30 -31 0
49 -13 14 -15 21 23 29 30 -31 0
49 13 -14 -15 21 23 29 30 -31 0
49 -13 14 15 -21 23 29 30 -31 0
49 13 -14 15 -21 23 29 30 -31 0
49 13 14 -15 -21 23 29 30 -31 0
49 -13 14 15 21 -23 29 30 -31 0
49 13 -14 15 21 -23 29 30 -31 0
49 13 14 -15 21 -23 29 30 -31 0
49 13 14 15 -21 -23 29 30 -31 0
49 -13 14 15 21 23 -29 30 -31 0
49 13 -14 15 21 23 -29 30 -31 0
49 13 14 -15 21 23 -29 30 -31 0
49 13 14 15 -21 23 -29 30 -31 0
49 13 14 15 21 -23 -29 30 -31 0
49 -13 14 15 21 23 29 -30 -31 0
49 13 -14 15 21 23 29 -30 -31 0
49 13 14 -15 21 23 29 -30 -31 0
49 13 14 15 -21 23 29 -30 -31 0
49 13 14 15 21 -23 29 -30 -31 0
49 13 14 15 21 23 -29 -30 -31 0
49 -23 -14 -15 16 22 24 30 31 32 0
49 -23 -14 15 -16 22 24 30 31 32 0
49 -23 14 -15 -16 22 24 30 31 32 0
49 -23 -14 15 16 -22 24 30 31 32 0
49 -23 14 -15 16 -22 24 30 31 32 0
49 -23 14 15 -16 -22 24 30 31 32 0
49 -23 -14 15 16 22 -24 30 31 32 0
49 -23 14 -15 16 22 -24 30 31 32 0
49 -23 14 15 -16 22 -24 30 31 32 0
49 -23 14 15 16 -22 -24 30 31 32 0
49 -23 -14 15 16 22 24 -30 31 32 0
49 -23 14 -15 16 22 24 -30 31 32 0
49 -23 14 15 -16 22 24 -30 31 32 0
49 -23 14 15 16 -22 24 -30 31 32 0
49 -23 14 15 16 22 -24 -30 31 32 0
49 -23 -14 15 16 22 24 30 -31 32 0
49 -23 14 -15 16 22 24 30 -31 32 0
49 -23 14 15 -16 22 24 30 -31 32 0
49 -23 14 15 16 -22 24 30 -31 32 0
49 -23 14 15 16 22 -24 30 -31 32 0
49 -23 14 15 16 22 24 -30 -31 32 0
49 -23 -14 15 16 22 24 30 31 -32 0
49 -23 14 -15 16 22 24 30 31 -32 0
49 -23 14 15 -16 22 24 30 31 -32 0
49 -23 14 15 16 -22 24 30 31 -32 0
49 -23 14 15 16 22 -24 30 31 -32 0
49 -23 14 15 16 22 24 -30 31 -32 0
49 -23 14 15 16 22 24 30 -31 -32 0
49 -14 -15 -16 22 24 30 31 32 0
49 -14 -15 16 -22 24 30 31 32 0
49 -14 15 -16 -22 24 30 31 32 0
49 14 -15 -16 -22 24 30 31 32 0
49 -14 -15 16 22 -24 30 31 32 0
49 -14 15 -16 22 -24 30 31 32 0
49 14 -15 -16 22 -24 30 31 32 0
49 -14 15 16 -22 -24 30 31 32 0
49 14 -15 16 -22 -24 30 31 32 0
49 14 15 -16 -22 -24 30 31 32 0
49 -14 -15 16 22 24 -30 31 32 0
49 -14 15 -16 22 24 -30 31 32 0
49 14 -15 -16 22 24 -30 31 32 0
49 -14 15 16 -22 24 -30 31 32 0
49 14 -15 16 -22 24 -30 31 32 0
49 14 15 -16 -22 24 -30 31 32 0
49 -14 15 16 22 -24 -30 31 32 0
49 14 -15 16 22 -24 -30 31 32 0
49 14 15 -16 22 -24 -30 31 32 0
49 14 15 16 -22 -24 -30 31 32 0
49 -14 -15 16 22 24 30 -31 32 0
49 -14 15 -16 22 24 30 -31 32 0
49 14 -15 -16 22 24 30 -31 32 0
49 -14 15 16 -22 24 30 -31 32 0
49 14 -15 16 -22 24 30 -31 32 0
49 14 15 -16 -22 24 30 -31 32 0
49 -14 15 16 22 -24 30 -31 32 0
49 14 -15 16 22 -24 30 -31 32 0
49 14 15 -16 22 -24 30 -31 32 0
49 14 15 16 -22 -24 30 -31 32 0
49 -14 15 16 22 24 -30 -31 32 0
49 14 -15 16 22 24 -30 -31 32 0
49 14 15 -16 22 24 -30 -31 32 0
49 14 15 16 -22 24 -30 -31 32 0
49 14 15 16 22 -24 -30 -31 32 0
49 -14 -15 16 22 24 30 31 -32 0
49 -14 15 -16 22 24 30 31 -32 0
49 14 -15 -16 22 24 30 31 -32 0
49 -14 15 16 -22 24 30 31 -32 0
49 14 -15 16 -22 24 30 31 -32 0
49 14 15 -16 -22 24 30 31 -32 0
49 -14 15 16 22 -24 30 31 -32 0
49 14 -15 16 22 -24 30 31 -32 0
49 14 15 -16 22 -24 30 31 -32 0
49 14 15 16 -22 -24 30 31 -32 0
49 -14 15 16 22 24 -30 31 -32 0
49 14 -15 16 22 24 -30 31 -32 0
49 14 15 -16 22 24 -30 31 -32 0
49 14 15 16 -22 24 -30 31 -32 0
49 14 15 16 22 -24 -30 31 -32 0
49 -14 15 16 22 24 30 -31 -32 0
49 14 -15 16 22 24 30 -31 -32 0
49 14 15 -16 22 24 30 -31 -32 0
49 14 15 16 -22 24 30 -31 -32 0
49 14 15 16 22 -24 30 -31 -32 0
49 14 15 16 22 24 -30 -31 -32 0
49 -26 0
49 -27 -18 -19 20 26 28 34 35 36 0
49 -27 -18 19 -20 26 28 34 35 36 0
49 -27 18 -19 -20 26 28 34 35 36 0
49 -27 -18 19 20 -26 28 34 35 36 0
49 -27 18 -19 20 -26 28 34 35 36 0
49 -27 18 19 -20 -26 28 34 35 36 0
49 -27 -18 19 20 26 -28 34 35 36 0
49 -27 18 -19 20 26 -28 34 35 36 0
49 -27 18 19 -20 26 -28 34 35 36 0
49 -27 18 19 20 -26 -28 34 35 36 0
49 -27 -18 19 20 26 28 -34 35 36 0
49 -27 18 -19 20 26 28 -34 35 36 0
49 -27 18 19 -20 26 28 -34 35 36 0
49 -27 18 19 20 -26 28 -34 35 36 0
49 -27 18 19 20 26 -28 -34 35 36 0
49 -27 -18 19 20 26 28 34 -35 36 0
49 -27 18 -19 20 26 28 34 -35 36 0
49 -27 18 19 -20 26 28 34 -35 36 0
49 -27 18 19 20 -26 28 34 -35 36 0
49 -27 18 19 20 26 -28 34 -35 36 0
49 -27 18 19 20 26 28 -34 -35 36 0
49 -27 -18 19 20 26 28 34 35 -36 0
49 -27 18 -19 20 26 28 34 35 -36 0
49 -27 18 19 -20 26 28 34 35 -36 0
49 -27 18 19 20 -26 28 34 35 -36 0
49 -27 18 19 20 26 -28 34 35 -36 0
49 -27 18 19 20 26 28 -34 35 -36 0
49 -27 18 19 20 26 28 34 -35 -36 0
49 -18 -19 -20 26 28 34 35 36 0
49 -18 -19 20 -26 28 34 35 36 0
49 -18 19 -20 -26 28 34 35 36 0
49 18 -19 -20 -26 28 34 35 36 0
49 -18 -19 20 26 -28 34 35 36 0
49 -18 19 -20 26 -28 34 35 36 0
49 18 -19 -20 26 -28 34 35 36 0
49 -18 19 20 -26 -28 34 35 36 0
49 18 -19 20 -26 -28 34 35 36 0
49 18 19 -20 -26 -28 34 35 36 0
49 -18 -19 20 26 28 -34 35 36 0
49 -18 19 -20 26 28 -34 35 36 0
49 18 -19 -20 26 28 -34 35 36 0
49 -18 19 20 -26 28 -34 35 36 0
49 18 -19 20 -26 28 -34 35 36 0
49 18 19 -20 -26 28 -34 35 36 0
49 -18 19 20 26 -28 -34 35 36 0
49 18 -19 20 26 -28 -34 35 36 0
49 18 19 -20 26 -28 -34 35 36 0
49 18 19 20 -26 -28 -34 35 36 0
49 -18 -19 20 26 28 34 -35 36 0
49 -18 19 -20 26 28 34 -35 36 0
49 18 -19 -20 26 28 34 -35 36 0
49 -18 19 20 -26 28 34 -35 36 0
49 18 -19 20 -26 28 34 -35 36 0
49 18 19 -20 -26 28 34 -35 36 0
49 -18 19 20 26 -28 34 -35 36 0
49 18 -19 20 26 -28 34 -35 36 0
49 18 19 -20 26 -28 34 -35 36 0
49 18 19 20 -26 -28 34 -35 36 0
49 -18 19 20 26 28 -34 -35 36 0
49 18 -19 20 26 28 -34 -35 36 0
49 18 19 -20 26 28 -34 -35 36 0
49 18 19 20 -26 28 -34 -35 36 0
49 18 19 20 26 -28 -34 -35 36 0
49 -18 -19 20 26 28 34 35 -36 0
49 -18 19 -20 26 28 34 35 -36 0
49 18 -19 -20 26 28 34 35 -36 0
49 -18 19 20 -26 28 34 35 -36 0
49 18 -19 20 -26 28 34 35 -36 0
49 18 19 -20 -26 28 34 35 -36 0
49 -18 19 20 26 -28 34 35 -36 0
49 18 -19 20 26 -28 34 35 -36 0
49 18 19 -20 26 -28 34 35 -36 0
49 18 19 20 -26 -28 34 35 -36 0
49 -18 19 20 26 28 -34 35 -36 0
49 18 -19 20 26 28 -34 35 -36 0
49 18 19 -20 26 28 -34 35 -36 0
49 18 19 20 -26 28 -34 35 -36 0
49 18 19 20 26 -28 -34 35 -36 0
49 -18 19 20 26 28 34 -35 -36 0
49 18 -19 20 26 28 34 -35 -36 0
49 18 19 -20 26 28 34 -35 -36 0
49 18 19 20 -26 28 34 -35 -36 0
49 18 19 20 26 -28 34 -35 -36 0
49 18 19 20 26 28 -34 -35 -36 0
49 -28 -19 -20 21 27 29 35 36 37 0
49 -28 -19 20 -21 27 29 35 36 37 0
49 -28 19 -20 -21 27 29 35 36 37 0
49 -28 -19 20 21 -27 29 35 36 37 0
49 -28 19 -20 21 -27 29 35 36 37 0
49 -28 19 20 -21 -27 29 35 36 37 0
49 -28 -19 20 21 27 -29 35 36 37 0
49 -28 19 -20 21 27 -29 35 36 37 0
49 -28 19 20 -21 27 -29 35 36 37 0
49 -28 19 20 21 -27 -29 35 36 37 0
49 -28 -19 20 21 27 29 -35 36 37 0
49 -28 19 -20 21 27 29 -35 36 37 0
49 -28 19 20 -21 27 29 -35 36 37 0
49 -28 19 20 21 -27 29 -35 36 37 0
49 -28 19 20 21 27 -29 -35 36 37 0
49 -28 -19 20 21 27 29 35 -36 37 0
49 -28 19 -20 21 27 29 35 -36 37 0
49 -28 19 20 -21 27 29 35 -36 37 0
49 -28 19 20 21 -27 29 35 -36 37 0
49 -28 19 20 21 27 -29 35 -36 37 0
49 -28 19 20 21 27 29 -35 -36 37 0
49 -28 -19 20 21 27 29 35 36 -37 0
49 -28 19 -20 21 27 29 35 36 -37 0
49 -28 19 20 -21 27 29 35 36 -37 0
49 -28 19 20 21 -27 29 35 36 -37 0
49 -28 19 20 21 27 -29 35 36 -37 0
49 -28 19 20 21 27 29 -35 36 -37 0
49 -28 19 20 21 27 29 35 -36 -37 0
49 -19 -20 -21 27 29 35 36 37 0
49 -19 -20 21 -27 29 35 36 37 0
49 -19 20 -21 -27 29 35 36 37 0
49 19 -20 -21 -27 29 35 36 37 0
49 -19 -20 21 27 -29 35 36 37 0
49 -19 20 -21 27 -29 35 36 37 0
49 19 -20 -21 27 -29 35 36 37 0
49 -19 20 21 -27 -29 35 36 37 0
49 19 -20 21 -27 -29 35 36 37 0
49 19 20 -21 -27 -29 35 36 37 0
49 -19 -20 21 27 29 -35 36 37 0
49 -19 20 -21 27 29 -35 36 37 0
49 19 -20 -21 27 29 -35 36 37 0
49 -19 20 21 -27 29 -35 36 37 0
49 19 -20 21 -27 29 -35 36 37 0
49 19 20 -21 -27 29 -35 36 37 0
49 -19 20 21 27 -29 -35 36 37 0
49 19 -20 21 27 -29 -35 36 37 0
49 19 20 -21 27 -29 -35 36 37 0
49 19 20 21 -27 -29 -35 36 37 0
49 -19 -20 21 27 29 35 -36 37 0
49 -19 20 -21 27 29 35 -36 37 0
49 19 -20 -21 27 29 35 -36 37 0
49 -19 20 21 -27 29 35 -36 37 0
49 19 -20 21 -27 29 35 -36 37 0
49 19 20 -21 -27 29 35 -36 37 0
49 -19 20 21 27 -29 35 -36 37 0
49 19 -20 21 27 -29 35 -36 37 0
49 19 20 -21 27 -29 35 -36 37 0
49 19 20 21 -27 -29 35 -36 37 0
49 -19 20 21 27 29 -35 -36 37 0
49 19 -20 21 27 29 -35 -36 37 0
49 19 20 -21 27 29 -35 -36 37 0
49 19 20 21 -27 29 -35 -36 37 0
49 19 20 21 27 -29 -35 -36 37 0
49 -19 -20 21 27 29 35 36 -37 0
49 -19 20 -21 27 29 35 36 -37 0
49 19 -20 -21 27 29 35 36 -37 0
49 -19 20 21 -27 29 35 36 -37 0
49 19 -20 21 -27 29 35 36 -37 0
49 19 20 -21 -27 29 35 36 -37 0
49 -19 20 21 27 -29 35 36 -37 0
49 19 -20 21 27 -29 35 36 -37 0
49 19 20 -21 27 -29 35 36 -37 0
49 19 20 21 -27 -29 35 36 -37 0
49 -19 20 21 27 29 -35 36 -37 0
49 19 -20 21 27 29 -35 36 -37 0
49 19 20 -21 27 29 -35 36 -37 0
49 19 20 21 -27 29 -35 36 -37 0
49 19 20 21 27 -29 -35 36 -37 0
49 -19 20 21 27 29 35 -36 -37 0
49 19 -20 21 27 29 35 -36 -37 0
49 19 20 -21 27 29 35 -36 -37 0
49 19 20 21 -27 29 35 -36 -37 0
49 19 20 21 27 -29 35 -36 -37 0
49 19 20 21 27 29 -35 -36 -37 0
49 20 21 22 28 30 36 37 0
49 20 21 22 28 30 36 38 0
49 20 21 22 28 30 37 38 0
49 20 21 22 28 36 37 38 0
49 20 21 22 30 36 37 38 0
49 20 21 28 30 36 37 38 0
49 20 22 28 30 36 37 38 0
49 21 22 28 30 36 37 38 0
49 29 -20 -21 22 28 30 36 37 38 0
49 29 -20 21 -22 28 30 36 37 38 0
49 29 20 -21 -22 28 30 36 37 38 0
49 29 -20 21 22 -28 30 36 37 38 0
49 29 20 -21 22 -28 30 36 37 38 0
49 29 20 21 -22 -28 30 36 37 38 0
49 29 -20 21 22 28 -30 36 37 38 0
49 29 20 -21 22 28 -30 36 37 38 0
49 29 20 21 -22 28 -30 36 37 38 0
49 29 20 21 22 -28 -30 36 37 38 0
49 29 -20 21 22 28 30 -36 37 38 0
49 29 20 -21 22 28 30 -36 37 38 0
49 29 20 21 -22 28 30 -36 37 38 0
49 29 20 21 22 -28 30 -36 37 38 0
49 29 20 21 22 28 -30 -36 37 38 0
49 29 -20 21 22 28 30 36 -37 38 0
49 29 20 -21 22 28 30 36 -37 38 0
49 29 20 21 -22 28 30 36 -37 38 0
49 29 20 21 22 -28 30 36 -37 38 0
49 29 20 21 22 28 -30 36 -37 38 0
49 29 20 21 22 28 30 -36 -37 38 0
49 29 -20 21 22 28 30 36 37 -38 0
49 29 20 -21 22 28 30 36 37 -38 0
49 29 20 21 -22 28 30 36 37 -38 0
49 29 20 21 22 -28 30 36 37 -38 0
49 29 20 21 22 28 -30 36 37 -38 0
49 29 20 21 22 28 30 -36 37 -38 0
49 29 20 21 22 28 30 36 -37 -38 0
49 -20 -21 -22 -28 0
49 -20 -21 -22 -30 0
49 -20 -21 -28 -30 0
49 -20 -22 -28 -30 0
49 -21 -22 -28 -30 0
49 -20 -21 -22 -36 0
49 -20 -21 -28 -36 0
49 -20 -22 -28 -36 0
49 -21 -22 -28 -36 0
49 -20 -21 -30 -36 0
49 -20 -22 -30 -36 0
49 -21 -22 -30 -36 0
49 -20 -28 -30 -36 0
49 -21 -28 -30 -36 0
49 -22 -28 -30 -36 0
49 -20 -21 -22 -37 0
49 -20 -21 -28 -37 0
49 -20 -22 -28 -37 0
49 -21 -22 -28 -37 0
49 -20 -21 -30 -37 0
49 -20 -22 -30 -37 0
49 -21 -22 -30 -37 0
49 -20 -28 -30 -37 0
49 -21 -28 -30 -37 0
49 -22 -28 -30 -37 0
49 -20 -21 -36 -37 0
49 -20 -22 -36 -37 0
49 -21 -22 -36 -37 0
49 -20 -28 -36 -37 0
49 -21 -28 -36 -37 0
49 -22 -28 -36 -37 0
49 -20 -30 -36 -37 0
49 -21 -30 -36 -37 0
49 -22 -30 -36 -37 0
49 -28 -30 -36 -37 0
49 -20 -21 -22 -38 0
49 -20 -21 -28 -38 0
49 -20 -22 -28 -38 0
49 -21 -22 -28 -38 0
49 -20 -21 -30 -38 0
49 -20 -22 -30 -38 0
49 -21 -22 -30 -38 0
49 -20 -28 -30 -38 0
49 -21 -28 -30 -38 0
49 -22 -28 -30 -38 0
49 -20 -21 -36 -38 0
49 -20 -22 -36 -38 0
49 -21 -22 -36 -38 0
49 -20 -28 -36 -38 0
49 -21 -28 -36 -38 0
49 -22 -28 -36 -38 0
49 -20 -30 -36 -38 0
49 -21 -30 -36 -38 0
49 -22 -30 -36 -38 0
49 -28 -30 -36 -38 0
49 -20 -21 -37 -38 0
49 -20 -22 -37 -38 0
49 -21 -22 -37 -38 0
49 -20 -28 -37 -38 0
49 -21 -28 -37 -38 0
49 -22 -28 -37 -38 0
49 -20 -30 -37 -38 0
49 -21 -30 -37 -38 0
49 -22 -30 -37 -38 0
49 -28 -30 -37 -38 0
49 -20 -36 -37 -38 0
49 -21 -36 -37 -38 0
49 -22 -36 -37 -38 0
49 -28 -36 -37 -38 0
49 -30 -36 -37 -38 0
49 21 22 23 29 31 37 38 0
49 21 22 23 29 31 37 39 0
49 21 22 23 29 31 38 39 0
49 21 22 23 29 37 38 39 0
49 21 22 23 31 37 38 39 0
49 21 22 29 31 37 38 39 0
49 21 23 29 31 37 38 39 0
49 22 23 29 31 37 38 39 0
49 30 -21 -22 23 29 31 37 38 39 0
49 30 -21 22 -23 29 31 37 38 39 0
49 30 21 -22 -23 29 31 37 38 39 0
49 30 -21 22 23 -29 31 37 38 39 0
49 30 21 -22 23 -29 31 37 38 39 0
49 30 21 22 -23 -29 31 37 38 39 0
49 30 -21 22 23 29 -31 37 38 39 0
49 30 21 -22 23 29 -31 37 38 39 0
49 30 21 22 -23 29 -31 37 38 39 0
49 30 21 22 23 -29 -31 37 38 39 0
49 30 -21 22 23 29 31 -37 38 39 0
49 30 21 -22 23 29 31 -37 38 39 0
49 30 21 22 -23 29 31 -37 38 39 0
49 30 21 22 23 -29 31 -37 38 39 0
49 30 21 22 23 29 -31 -37 38 39 0
49 30 -21 22 23 29 31 37 -38 39 0
49 30 21 -22 23 29 31 37 -38 39 0
49 30 21 22 -23 29 31 37 -38 39 0
49 30 21 22 23 -29 31 37 -38 39 0
49 30 21 22 23 29 -31 37 -38 39 0
49 30 21 22 23 29 31 -37 -38 39 0
49 30 -21 22 23 29 31 37 38 -39 0
49 30 21 -22 23 29 31 37 38 -39 0
49 30 21 22 -23 29 31 37 38 -39 0
49 30 21 22 23 -29 31 37 38 -39 0
49 30 21 22 23 29 -31 37 38 -39 0
49 30 21 22 23 29 31 -37 38 -39 0
49 30 21 22 23 29 31 37 -38 -39 0
49 -21 -22 -23 -29 0
49 -21 -22 -23 -31 0
49 -21 -22 -29 -31 0
49 -21 -23 -29 -31 0
49 -22 -23 -29 -31 0
49 -21 -22 -23 -37 0
49 -21 -22 -29 -37 0
49 -21 -23 -29 -37 0
49 -22 -23 -29 -37 0
49 -21 -22 -31 -37 0
49 -21 -23 -31 -37 0
49 -22 -23 -31 -37 0
49 -21 -29 -31 -37 0
49 -22 -29 -31 -37 0
49 -23 -29 -31 -37 0
49 -21 -22 -23 -38 0
49 -21 -22 -29 -38 0
49 -21 -23 -29 -38 0
49 -22 -23 -29 -38 0
49 -21 -22 -31 -38 0
49 -21 -23 -31 -38 0
49 -22 -23 -31 -38 0
49 -21 -29 -31 -38 0
49 -22 -29 -31 -38 0
49 -23 -29 -31 -38 0
49 -21 -22 -37 -38 0
49 -21 -23 -37 -38 0
49 -22 -23 -37 -38 0
49 -21 -29 -37 -38 0
49 -22 -29 -37 -38 0
49 -23 -29 -37 -38 0
49 -21 -31 -37 -38 0
49 -22 -31 -37 -38 0
49 -23 -31 -37 -38 0
49 -29 -31 -37 -38 0
49 -21 -22 -23 -39 0
49 -21 -22 -29 -39 0
49 -21 -23 -29 -39 0
49 -22 -23 -29 -39 0
49 -21 -22 -31 -39 0
49 -21 -23 -31 -39 0
49 -22 -23 -31 -39 0
49 -21 -29 -31 -39 0
49 -22 -29 -31 -39 0
49 -23 -29 -31 -39 0
49 -21 -22 -37 -39 0
49 -21 -23 -37 -39 0
49 -22 -23 -37 -39 0
49 -21 -29 -37 -39 0
49 -22 -29 -37 -39 0
49 -23 -29 -37 -39 0
49 -21 -31 -37 -39 0
49 -22 -31 -37 -39 0
49 -23 -31 -37 -39 0
49 -29 -31 -37 -39 0
49 -21 -22 -38 -39 0
49 -21 -23 -38 -39 0
49 -22 -23 -38 -39 0
49 -21 -29 -38 -39 0
49 -22 -29 -38 -39 0
49 -23 -29 -38 -39 0
49 -21 -31 -38 -39 0
49 -22 -31 -38 -39 0
49 -23 -31 -38 -39 0
49 -29 -31 -38 -39 0
49 -21 -37 -38 -39 0
49 -22 -37 -38 -39 0
49 -23 -37 -38 -39 0
49 -29 -37 -38 -39 0
49 -31 -37 -38 -39 0
49 -31 -22 -23 24 30 32 38 39 40 0
49 -31 -22 23 -24 30 32 38 39 40 0
49 -31 22 -23 -24 30 32 38 39 40 0
49 -31 -22 23 24 -30 32 38 39 40 0
49 -31 22 -23 24 -30 32 38 39 40 0
49 -31 22 23 -24 -30 32 38 39 40 0
49 -31 -22 23 24 30 -32 38 39 40 0
49 -31 22 -23 24 30 -32 38 39 40 0
49 -31 22 23 -24 30 -32 38 39 40 0
49 -31 22 23 24 -30 -32 38 39 40 0
49 -31 -22 23 24 30 32 -38 39 40 0
49 -31 22 -23 24 30 32 -38 39 40 0
49 -31 22 23 -24 30 32 -38 39 40 0
49 -31 22 23 24 -30 32 -38 39 40 0
49 -31 22 23 24 30 -32 -38 39 40 0
49 -31 -22 23 24 30 32 38 -39 40 0
49 -31 22 -23 24 30 32 38 -39 40 0
49 -31 22 23 -24 30 32 38 -39 40 0
49 -31 22 23 24 -30 32 38 -39 40 0
49 -31 22 23 24 30 -32 38 -39 40 0
49 -31 22 23 24 30 32 -38 -39 40 0
49 -31 -22 23 24 30 32 38 39 -40 0
49 -31 22 -23 24 30 32 38 39 -40 0
49 -31 22 23 -24 30 32 38 39 -40 0
49 -31 22 23 24 -30 32 38 39 -40 0
49 -31 22 23 24 30 -32 38 39 -40 0
49 -31 22 23 24 30 32 -38 39 -40 0
49 -31 22 23 24 30 32 38 -39 -40 0
49 -22 -23 -24 30 32 38 39 40 0
49 -22 -23 24 -30 32 38 39 40 0
49 -22 23 -24 -30 32 38 39 40 0
49 22 -23 -24 -30 32 38 39 40 0
49 -22 -23 24 30 -32 38 39 40 0
49 -22 23 -24 30 -32 38 39 40 0
49 22 -23 -24 30 -32 38 39 40 0
49 -22 23 24 -30 -32 38 39 40 0
49 22 -23 24 -30 -32 38 39 40 0
49 22 23 -24 -30 -32 38 39 40 0
49 -22 -23 24 30 32 -38 39 40 0
49 -22 23 -24 30 32 -38 39 40 0
49 22 -23 -24 30 32 -38 39 40 0
49 -22 23 24 -30 32 -38 39 40 0
49 22 -23 24 -30 32 -38 39 40 0
49 22 23 -24 -30 32 -38 39 40 0
49 -22 23 24 30 -32 -38 39 40 0
49 22 -23 24 30 -32 -38 39 40 0
49 22 23 -24 30 -32 -38 39 40 0
49 22 23 24 -30 -32 -38 39 40 0
49 -22 -23 24 30 32 38 -39 40 0
49 -22 23 -24 30 32 38 -39 40 0
49 22 -23 -24 30 32 38 -39 40 0
49 -22 23 24 -30 32 38 -39 40 0
49 22 -23 24 -30 32 38 -39 40 0
49 22 23 -24 -30 32 38 -39 40 0
49 -22 23 24 30 -32 38 -39 40 0
49 22 -23 24 30 -32 38 -39 40 0
49 22 23 -24 30 -32 38 -39 40 0
49 22 23 24 -30 -32 38 -39 40 0
49 -22 23 24 30 32 -38 -39 40 0
49 22 -23 24 30 32 -38 -39 40 0
49 22 23 -24 30 32 -38 -39 40 0
49 22 23 24 -30 32 -38 -39 40 0
49 22 23 24 30 -32 -38 -39 40 0
49 -22 -23 24 30 32 38 39 -40 0
49 -22 23 -24 30 32 38 39 -40 0
49 22 -23 -24 30 32 38 39 -40 0
49 -22 23 24 -30 32 38 39 -40 0
49 22 -23 24 -30 32 38 39 -40 0
49 22 23 -24 -30 32 38 39 -40 0
49 -22 23 24 30 -32 38 39 -40 0
49 22 -23 24 30 -32 38 39 -40 0
49 22 23 -24 30 -32 38 39 -40 0
49 22 23 24 -30 -32 38 39 -40 0
49 -22 23 24 30 32 -38 39 -40 0
49 22 -23 24 30 32 -38 39 -40 0
49 22 23 -24 30 32 -38 39 -40 0
49 22 23 24 -30 32 -38 39 -40 0
49 22 23 24 30 -32 -38 39 -40 0
49 -22 23 24 30 32 38 -39 -40 0
49 22 -23 24 30 32 38 -39 -40 0
49 22 23 -24 30 32 38 -39 -40 0
49 22 23 24 -30 32 38 -39 -40 0
49 22 23 24 30 -32 38 -39 -40 0
49 22 23 24 30 32 -38 -39 -40 0
49 -34 0
49 -35 0
49 -36 -27 -28 29 35 37 43 44 45 0
49 -36 -27 28 -29 35 37 43 44 45 0
49 -36 27 -28 -29 35 37 43 44 45 0
49 -36 -27 28 29 -35 37 43 44 45 0
49 -36 27 -28 29 -35 37 43 44 45 0
49 -36 27 28 -29 -35 37 43 44 45 0
49 -36 -27 28 29 35 -37 43 44 45 0
49 -36 27 -28 29 35 -37 43 44 45 0
49 -36 27 28 -29 35 -37 43 44 45 0
49 -36 27 28 29 -35 -37 43 44 45 0
49 -36 -27 28 29 35 37 -43 44 45 0
49 -36 27 -28 29 35 37 -43 44 45 0
49 -36 27 28 -29 35 37 -43 44 45 0
49 -36 27 28 29 -35 37 -43 44 45 0
49 -36 27 28 29 35 -37 -43 44 45 0
49 -36 -27 28 29 35 37 43 -44 45 0
49 -36 27 -28 29 35 37 43 -44 45 0
49 -36 27 28 -29 35 37 43 -44 45 0
49 -36 27 28 29 -35 37 43 -44 45 0
49 -36 27 28 29 35 -37 43 -44 45 0
49 -36 27 28 29 35 37 -43 -44 45 0
49 -36 -27 28 29 35 37 43 44 -45 0
49 -36 27 -28 29 35 37 43 44 -45 0
49 -36 27 28 -29 35 37 43 44 -45 0
49 -36 27 28 29 -35 37 43 44 -45 0
49 -36 27 28 29 35 -37 43 44 -45 0
49 -36 27 28 29 35 37 -43 44 -45 0
49 -36 27 28 29 35 37 43 -44 -45 0
49 -27 -28 -29 35 37 43 44 45 0
49 -27 -28 29 -35 37 43 44 45 0
49 -27 28 -29 -35 37 43 44 45 0
49 27 -28 -29 -35 37 43 44 45 0
49 -27 -28 29 35 -37 43 44 45 0
49 -27 28 -29 35 -37 43 44 45 0
49 27 -28 -29 35 -37 43 44 45 0
49 -27 28 29 -35 -37 43 44 45 0
49 27 -28 29 -35 -37 43 44 45 0
49 27 28 -29 -35 -37 43 44 45 0
49 -27 -28 29 35 37 -43 44 45 0
49 -27 28 -29 35 37 -43 44 45 0
49 27 -28 -29 35 37 -43 44 45 0
49 -27 28 29 -35 37 -43 44 45 0
49 27 -28 29 -35 37 -43 44 45 0
49 27 28 -29 -35 37 -43 44 45 0
49 -27 28 29 35 -37 -43 44 45 0
49 27 -28 29 35 -37 -43 44 45 0
49 27 28 -29 35 -37 -43 44 45 0
49 27 28 29 -35 -37 -43 44 45 0
49 -27 -28 29 35 37 43 -44 45 0
49 -27 28 -29 35 37 43 -44 45 0
49 27 -28 -29 35 37 43 -44 45 0
49 -27 28 29 -35 37 43 -44 45 0
49 27 -28 29 -35 37 43 -44 45 0
49 27 28 -29 -35 37 43 -44 45 0
49 -27 28 29 35 -37 43 -44 45 0
49 27 -28 29 35 -37 43 -44 45 0
49 27 28 -29 35 -37 43 -44 45 0
49 27 28 29 -35 -37 43 -44 45 0
49 -27 28 29 35 37 -43 -44 45 0
49 27 -28 29 35 37 -43 -44 45 0
49 27 28 -29 35 37 -43 -44 45 0
49 27 28 29 -35 37 -43 -44 45 0
49 27 28 29 35 -37 -43 -44 45 0
49 -27 -28 29 35 37 43 44 -45 0
49 -27 28 -29 35 37 43 44 -45 0
49 27 -28 -29 35 37 43 44 -45 0
49 -27 28 29 -35 37 43 44 -45 0
49 27 -28 29 -35 37 43 44 -45 0
49 27 28 -29 -35 37 43 44 -45 0
49 -27 28 29 35 -37 43 44 -45 0
49 27 -28 29 35 -37 43 44 -45 0
49 27 28 -29 35 -37 43 44 -45 0
49 27 28 29 -35 -37 43 44 -45 0
49 -27 28 29 35 37 -43 44 -45 0
49 27 -28 29 35 37 -43 44 -45 0
49 27 28 -29 35 37 -43 44 -45 0
49 27 28 29 -35 37 -43 44 -45 0
49 27 28 29 35 -37 -43 44 -45 0
49 -27 28 29 35 37 43 -44 -45 0
49 27 -28 29 35 37 43 -44 -45 0
49 27 28 -29 35 37 43 -44 -45 0
49 27 28 29 -35 37 43 -44 -45 0
49 27 28 29 35 -37 43 -44 -45 0
49 27 28 29 35 37 -43 -44 -45 0
49 -37 -28 -29 30 36 38 44 45 46 0
49 -37 -28 29 -30 36 38 44 45 46 0
49 -37 28 -29 -30 36 38 44 45 46 0
49 -37 -28 29 30 -36 38 44 45 46 0
49 -37 28 -29 30 -36 38 44 45 46 0
49 -37 28 29 -30 -36 38 44 45 46 0
49 -37 -28 29 30 36 -38 44 45 46 0
49 -37 28 -29 30 36 -38 44 45 46 0
49 -37 28 29 -30 36 -38 44 45 46 0
49 -37 28 29 30 -36 -38 44 45 46 0
49 -37 -28 29 30 36 38 -44 45 46 0
49 -37 28 -29 30 36 38 -44 45 46 0
49 -37 28 29 -30 36 38 -44 45 46 0
49 -37 28 29 30 -36 38 -44 45 46 0
49 -37 28 29 30 36 -38 -44 45 46 0
49 -37 -28 29 30 36 38 44 -45 46 0
49 -37 28 -29 30 36 38 44 -45 46 0
49 -37 28 29 -30 36 38 44 -45 46 0
49 -37 28 29 30 -36 38 44 -45 46 0
49 -37 28 29 30 36 -38 44 -45 46 0
49 -37 28 29 30 36 38 -44 -45 46 0
49 -37 -28 29 30 36 38 44 45 -46 0
49 -37 28 -29 30 36 38 44 45 -46 0
49 -37 28 29 -30 36 38 44 45 -46 0
49 -37 28 29 30 -36 38 44 45 -46 0
49 -37 28 29 30 36 -38 44 45 -46 0
49 -37 28 29 30 36 38 -44 45 -46 0
49 -37 28 29 30 36 38 44 -45 -46 0
49 -28 -29 -30 36 38 44 45 46 0
49 -28 -29 30 -36 38 44 45 46 0
49 -28 29 -30 -36 38 44 45 46 0
49 28 -29 -30 -36 38 44 45 46 0
49 -28 -29 30 36 -38 44 45 46 0
49 -28 29 -30 36 -38 44 45 46 0
49 28 -29 -30 36 -38 44 45 46 0
49 -28 29 30 -36 -38 44 45 46 0
49 28 -29 30 -36 -38 44 45 46 0
49 28 29 -30 -36 -38 44 45 46 0
49 -28 -29 30 36 38 -44 45 46 0
49 -28 29 -30 36 38 -44 45 46 0
49 28 -29 -30 36 38 -44 45 46 0
49 -28 29 30 -36 38 -44 45 46 0
49 28 -29 30 -36 38 -44 45 46 0
49 28 29 -30 -36 38 -44 45 46 0
49 -28 29 30 36 -38 -44 45 46 0
49 28 -29 30 36 -38 -44 45 46 0
49 28 29 -30 36 -38 -44 45 46 0
49 28 29 30 -36 -38 -44 45 46 0
49 -28 -29 30 36 38 44 -45 46 0
49 -28 29 -30 36 38 44 -45 46 0
49 28 -29 -30 36 38 44 -45 46 0
49 -28 29 30 -36 38 44 -45 46 0
49 28 -29 30 -36 38 44 -45 46 0
49 28 29 -30 -36 38 44 -45 46 0
49 -28 29 30 36 -38 44 -45 46 0
49 28 -29 30 36 -38 44 -45 46 0
49 28 29 -30 36 -38 44 -45 46 0
49 28 29 30 -36 -38 44 -45 46 0
49 -28 29 30 36 38 -44 -45 46 0
49 28 -29 30 36 38 -44 -45 46 0
49 28 29 -30 36 38 -44 -45 46 0
49 28 29 30 -36 38 -44 -45 46 0
49 28 29 30 36 -38 -44 -45 46 0
49 -28 -29 30 36 38 44 45 -46 0
49 -28 29 -30 36 38 44 45 -46 0
49 28 -29 -30 36 38 44 45 -46 0
49 -28 29 30 -36 38 44 45 -46 0
49 28 -29 30 -36 38 44 45 -46 0
49 28 29 -30 -36 38 44 45 -46 0
49 -28 29 30 36 -38 44 45 -46 0
49 28 -29 30 36 -38 44 45 -46 0
49 28 29 -30 36 -38 44 45 -46 0
49 28 29 30 -36 -38 44 45 -46 0
49 -28 29 30 36 38 -44 45 -46 0
49 28 -29 30 36 38 -44 45 -46 0
49 28 29 -30 36 38 -44 45 -46 0
49 28 29 30 -36 38 -44 45 -46 0
49 28 29 30 36 -38 -44 45 -46 0
49 -28 29 30 36 38 44 -45 -46 0
49 28 -29 30 36 38 44 -45 -46 0
49 28 29 -30 36 38 44 -45 -46 0
49 28 29 30 -36 38 44 -45 -46 0
49 28 29 30 36 -38 44 -45 -46 0
49 28 29 30 36 38 -44 -45 -46 0
49 -38 -29 -30 31 37 39 45 46 47 0
49 -38 -29 30 -31 37 39 45 46 47 0
49 -38 29 -30 -31 37 39 45 46 47 0
49 -38 -29 30 31 -37 39 45 46 47 0
49 -38 29 -30 31 -37 39 45 46 47 0
49 -38 29 30 -31 -37 39 45 46 47 0
49 -38 -29 30 31 37 -39 45 46 47 0
49 -38 29 -30 31 37 -39 45 46 47 0
49 -38 29 30 -31 37 -39 45 46 47 0
49 -38 29 30 31 -37 -39 45 46 47 0
49 -38 -29 30 31 37 39 -45 46 47 0
49 -38 29 -30 31 37 39 -45 46 47 0
49 -38 29 30 -31 37 39 -45 46 47 0
49 -38 29 30 31 -37 39 -45 46 47 0
49 -38 29 30 31 37 -39 -45 46 47 0
49 -38 -29 30 31 37 39 45 -46 47 0
49 -38 29 -30 31 37 39 45 -46 47 0
49 -38 29 30 -31 37 39 45 -46 47 0
49 -38 29 30 31 -37 39 45 -46 47 0
49 -38 29 30 31 37 -39 45 -46 47 0
49 -38 29 30 31 37 39 -45 -46 47 0
49 -38 -29 30 31 37 39 45 46 -47 0
49 -38 29 -30 31 37 39 45 46 -47 0
49 -38 29 30 -31 37 39 45 46 -47 0
49 -38 29 30 31 -37 39 45 46 -47 0
49 -38 29 30 31 37 -39 45 46 -47 0
49 -38 29 30 31 37 39 -45 46 -47 0
49 -38 29 30 31 37 39 45 -46 -47 0
49 -29 -30 -31 37 39 45 46 47 0
49 -29 -30 31 -37 39 45 46 47 0
49 -29 30 -31 -37 39 45 46 47 0
49 29 -30 -31 -37 39 45 46 47 0
49 -29 -30 31 37 -39 45 46 47 0
49 -29 30 -31 37 -39 45 46 47 0
49 29 -30 -31 37 -39 45 46 47 0
49 -29 30 31 -37 -39 45 46 47 0
49 29 -30 31 -37 -39 45 46 47 0
49 29 30 -31 -37 -39 45 46 47 0
49 -29 -30 31 37 39 -45 46 47 0
49 -29 30 -31 37 39 -45 46 47 0
49 29 -30 -31 37 39 -45 46 47 0
49 -29 30 31 -37 39 -45 46 47 0
49 29 -30 31 -37 39 -45 46 47 0
49 29 30 -31 -37 39 -45 46 47 0
49 -29 30 31 37 -39 -45 46 47 0
49 29 -30 31 37 -39 -45 46 47 0
49 29 30 -31 37 -39 -45 46 47 0
49 29 30 31 -37 -39 -45 46 47 0
49 -29 -30 31 37 39 45 -46 47 0
49 -29 30 -31 37 39 45 -46 47 0
49 29 -30 -31 37 39 45 -46 47 0
49 -29 30 31 -37 39 45 -46 47 0
49 29 -30 31 -37 39 45 -46 47 0
49 29 30 -31 -37 39 45 -46 47 0
49 -29 30 31 37 -39 45 -46 47 0
49 29 -30 31 37 -39 45 -46 47 0
49 29 30 -31 37 -39 45 -46 47 0
49 29 30 31 -37 -39 45 -46 47 0
49 -29 30 31 37 39 -45 -46 47 0
49 29 -30 31 37 39 -45 -46 47 0
49 29 30 -31 37 39 -45 -46 47 0
49 29 30 31 -37 39 -45 -46 47 0
49 29 30 31 37 -39 -45 -46 47 0
49 -29 -30 31 37 39 45 46 -47 0
49 -29 30 -31 37 39 45 46 -47 0
49 29 -30 -31 37 39 45 46 -47 0
49 -29 30 31 -37 39 45 46 -47 0
49 29 -30 31 -37 39 45 46 -47 0
49 29 30 -31 -37 39 45 46 -47 0
49 -29 30 31 37 -39 45 46 -47 0
49 29 -30 31 37 -39 45 46 -47 0
49 29 30 -31 37 -39 45 46 -47 0
49 29 30 31 -37 -39 45 46 -47 0
49 -29 30 31 37 39 -45 46 -47 0
49 29 -30 31 37 39 -45 46 -47 0
49 29 30 -31 37 39 -45 46 -47 0
49 29 30 31 -37 39 -45 46 -47 0
49 29 30 31 37 -39 -45 46 -47 0
49 -29 30 31 37 39 45 -46 -47 0
49 29 -30 31 37 39 45 -46 -47 0
49 29 30 -31 37 39 45 -46 -47 0
49 29 30 31 -37 39 45 -46 -47 0
49 29 30 31 37 -39 45 -46 -47 0
49 29 30 31 37 39 -45 -46 -47 0
49 -39 -30 -31 32 38 40 46 47 48 0
49 -39 -30 31 -32 38 40 46 47 48 0
49 -39 30 -31 -32 38 40 46 47 48 0
49 -39 -30 31 32 -38 40 46 47 48 0
49 -39 30 -31 32 -38 40 46 47 48 0
49 -39 30 31 -32 -38 40 46 47 48 0
49 -39 -30 31 32 38 -40 46 47 48 0
49 -39 30 -31 32 38 -40 46 47 48 0
49 -39 30 31 -32 38 -40 46 47 48 0
49 -39 30 31 32 -38 -40 46 47 48 0
49 -39 -30 31 32 38 40 -46 47 48 0
49 -39 30 -31 32 38 40 -46 47 48 0
49 -39 30 31 -32 38 40 -46 47 48 0
49 -39 30 31 32 -38 40 -46 47 48 0
49 -39 30 31 32 38 -40 -46 47 48 0
49 -39 -30 31 32 38 40 46 -47 48 0
49 -39 30 -31 32 38 40 46 -47 48 0
49 -39 30 31 -32 38 40 46 -47 48 0
49 -39 30 31 32 -38 40 46 -47 48 0
49 -39 30 31 32 38 -40 46 -47 48 0
49 -39 30 31 32 38 40 -46 -47 48 0
49 -39 -30 31 32 38 40 46 47 -48 0
49 -39 30 -31 32 38 40 46 47 -48 0
49 -39 30 31 -32 38 40 46 47 -48 0
49 -39 30 31 32 -38 40 46 47 -48 0
49 -39 30 31 32 38 -40 46 47 -48 0
49 -39 30 31 32 38 40 -46 47 -48 0
49 -39 30 31 32 38 40 46 -47 -48 0
49 -30 -31 -32 38 40 46 47 48 0
49 -30 -31 32 -38 40 46 47 48 0
49 -30 31 -32 -38 40 46 47 48 0
49 30 -31 -32 -38 40 46 47 48 0
49 -30 -31 32 38 -40 46 47 48 0
49 -30 31 -32 38 -40 46 47 48 0
49 30 -31 -32 38 -40 46 47 48 0
49 -30 31 32 -38 -40 46 47 48 0
49 30 -31 32 -38 -40 46 47 48 0
49 30 31 -32 -38 -40 46 47 48 0
49 -30 -31 32 38 40 -46 47 48 0
49 -30 31 -32 38 40 -46 47 48 0
49 30 -31 -32 38 40 -46 47 48 0
49 -30 31 32 -38 40 -46 47 48 0
49 30 -31 32 -38 40 -46 47 48 0
49 30 31 -32 -38 40 -46 47 48 0
49 -30 31 32 38 -40 -46 47 48 0
49 30 -31 32 38 -40 -46 47 48 0
49 30 31 -32 38 -40 -46 47 48 0
49 30 31 32 -38 -40 -46 47 48 0
49 -30 -31 32 38 40 46 -47 48 0
49 -30 31 -32 38 40 46 -47 48 0
49 30 -31 -32 38 40 46 -47 48 0
49 -30 31 32 -38 40 46 -47 48 0
49 30 -31 32 -38 40 46 -47 48 0
49 30 31 -32 -38 40 46 -47 48 0
49 -30 31 32 38 -40 46 -47 48 0
49 30 -31 32 38 -40 46 -47 48 0
49 30 31 -32 38 -40 46 -47 48 0
49 30 31 32 -38 -40 46 -47 48 0
49 -30 31 32 38 40 -46 -47 48 0
49 30 -31 32 38 40 -46 -47 48 0
49 30 31 -32 38 40 -46 -47 48 0
49 30 31 32 -38 40 -46 -47 48 0
49 30 31 32 38 -40 -46 -47 48 0
49 -30 -31 32 38 40 46 47 -48 0
49 -30 31 -32 38 40 46 47 -48 0
49 30 -31 -32 38 40 46 47 -48 0
49 -30 31 32 -38 40 46 47 -48 0
49 30 -31 32 -38 40 46 47 -48 0
49 30 31 -32 -38 40 46 47 -48 0
49 -30 31 32 38 -40 46 47 -48 0
49 30 -31 32 38 -40 46 47 -48 0
49 30 31 -32 38 -40 46 47 -48 0
49 30 31 32 -38 -40 46 47 -48 0
49 -30 31 32 38 40 -46 47 -48 0
49 30 -31 32 38 40 -46 47 -48 0
49 30 31 -32 38 40 -46 47 -48 0
49 30 31 32 -38 40 -46 47 -48 0
49 30 31 32 38 -40 -46 47 -48 0
49 -30 31 32 38 40 46 -47 -48 0
49 30 -31 32 38 40 46 -47 -48 0
49 30 31 -32 38 40 46 -47 -48 0
49 30 31 32 -38 40 46 -47 -48 0
49 30 31 32 38 -40 46 -47 -48 0
49 30 31 32 38 40 -46 -47 -48 0
